ReadGroup	Library	Sample	Total	Mapped	Duplicates	LENGTH_ESTIMATE	TEL0	TEL1	TEL2	TEL3	TEL4	TEL5	TEL6	TEL7	TEL8	TEL9	TEL10	TEL11	TEL12	TEL13	TEL14	TEL15	TEL16	GC0	GC1	GC2	GC3	GC4	GC5	GC6	GC7	GC8	GC9	
lane15	UNKNOWN	DB143	228159046	227979975	3627981	1.29321	220405318	7643263	99702	4324	1829	603	321	212	153	102	105	105	98	128	258	765	1760	16530961	14530671	13041144	12109480	11067449	9548724	8094312	6939282	5784960	4430052	
lane16	UNKNOWN	DB143	348031027	347762207	5778034	1.31825	336196213	11666014	152014	6656	2915	892	549	271	200	163	158	138	155	193	392	1231	2873	25195325	22198393	19972649	18593548	16997173	14684083	12448457	10679510	8900321	6808649	
lane3	UNKNOWN	DB144	275656042	275436093	2686312	0.826077	266184116	9338387	122880	5986	922	633	313	227	153	118	133	114	139	167	268	518	968	19839116	17489430	15683495	14479823	13167239	11393112	9641188	8251700	6876904	5282742	
lane4	UNKNOWN	DB144	315960544	315724500	3444534	0.881756	305075334	10731275	141706	6679	1068	706	392	242	207	137	141	125	148	197	330	623	1234	22775924	20010402	17887454	16447247	14899389	12859628	10866614	9262521	7688165	5888726	
lane13	UNKNOWN	DB145	184737273	184533410	3257991	1.6395	178509516	6137787	81033	3575	764	551	309	174	146	115	110	65	92	130	257	741	1908	13213147	11577729	10424292	9708332	8859298	7631836	6463702	5532512	4617446	3538799	
lane14	UNKNOWN	DB145	249977716	249731416	4944099	1.73755	241551154	8303556	110245	5058	1156	779	405	235	205	155	125	129	131	179	388	1112	2704	17879911	15668868	14108565	13129811	11991535	10333561	8751692	7510179	6273232	4819184	
lane3	UNKNOWN	DB146	229599949	229276776	1797632	1.10934	221712260	7776722	102359	4002	830	526	298	189	138	98	99	98	108	169	249	659	1145	16545022	14422850	12754208	11561773	10358988	8888492	7489849	6339374	5243585	4019131	
lane4	UNKNOWN	DB146	282835577	282449009	2583642	1.06713	273113938	9586251	125189	4706	1046	633	352	211	169	133	111	111	131	178	312	728	1378	20354007	17693371	15607111	14121828	12633648	10831911	9109419	7708736	6358389	4877664	
lane7	UNKNOWN	DB147	239139785	238837965	1827512	0.978925	230900247	8123046	107167	4692	918	566	329	179	139	104	70	84	80	133	214	575	1242	17302449	15167714	13534973	12426103	11213862	9622506	8106600	6893110	5700027	4353080	
lane8	UNKNOWN	DB147	301472361	301120190	2307363	0.894436	291063140	10261385	136341	5953	1130	749	377	230	158	125	99	87	118	138	238	695	1398	21744816	19128018	17128907	15776946	14285414	12287582	10395868	8880451	7371925	5649327	
lane7	UNKNOWN	DB148	247444830	246882057	2772276	0.878365	238893637	8430308	112004	4339	966	608	362	175	124	81	65	71	83	104	184	555	1164	17824030	15599964	13937220	12806604	11551657	9907939	8346433	7089829	5845298	4448253	
lane8	UNKNOWN	DB148	300345214	299751180	3168323	0.797409	289962913	10236576	135330	5273	1091	739	389	233	165	101	79	76	85	120	232	546	1266	21586206	18958353	16971924	15642063	14156113	12176157	10280399	8757928	7256017	5541747	
lane15	UNKNOWN	DB149	190137780	189947028	2685679	1.67434	183697315	6348214	83436	3485	755	511	272	180	121	111	83	76	104	148	252	781	1936	13608142	11850328	10579633	9751399	8821205	7560024	6362305	5417044	4486908	3412536	
lane16	UNKNOWN	DB149	286982108	286601454	4411817	1.55754	277259099	9584206	125605	5468	1126	785	434	298	177	130	127	123	139	229	322	1104	2736	20547380	17941272	16053425	14847253	13458840	11548553	9738559	8306726	6887789	5234934	
lane5	UNKNOWN	DB150	387562153	387263536	5175648	1.15841	374413207	12965900	168259	6656	1415	901	540	358	194	204	172	175	212	330	520	1140	1970	28049373	24399276	21575442	19669658	17717352	15219443	12859492	10952150	9103942	6986770	
lane6	UNKNOWN	DB150	217046800	216864474	2246336	0.931055	209676823	7269267	93392	3506	775	468	248	156	115	98	82	87	95	131	222	507	828	15760708	13614472	11969762	10838359	9716227	8314862	6992005	5916653	4881764	3737558	
lane13	UNKNOWN	DB151	214374761	214207863	2678359	0.739902	207023007	7248694	95537	4080	746	546	235	108	91	66	65	57	54	72	115	390	898	15394361	13462516	12042465	11124633	10079969	8650275	7291113	6209444	5132241	3894687	
lane14	UNKNOWN	DB151	287575709	287386582	3989448	0.814781	277712620	9726057	126787	5391	1007	684	340	206	139	97	90	49	56	104	158	607	1317	20659933	18060088	16149822	14892851	13493719	11566928	9755530	8297018	6863316	5212370	
lane3	UNKNOWN	DB152	286647307	286336658	2848428	0.735036	276947975	9566694	123805	4354	979	633	324	201	155	142	105	109	107	158	269	478	819	20919864	18275873	16199335	14836888	13429974	11594225	9821462	8372261	6954665	5332996	
lane4	UNKNOWN	DB152	347100212	346729421	3910956	0.695812	335338937	11599944	150572	5515	1155	768	427	258	173	138	109	111	121	159	262	641	922	25330305	22079104	19542864	17861145	16148881	13934660	11790392	10042020	8332666	6388593	
lane13	UNKNOWN	DB153	243056021	242883599	3377917	1.1008	234704807	8234627	106752	4157	1705	562	312	171	112	93	82	78	80	107	222	651	1503	17363278	15122816	13408878	12246437	10981479	9381290	7873779	6669039	5490247	4159354	
lane14	UNKNOWN	DB153	320544567	320329916	4954492	1.25097	309535762	10854159	140941	5591	2288	811	391	249	199	162	129	122	124	184	366	966	2123	22896853	19922655	17657646	16086821	14421634	12314252	10330261	8747736	7197801	5458726	
lane1	UNKNOWN	DB154	326737899	326536938	3303786	0.621887	315457007	11124773	144102	6000	2476	721	377	221	144	115	97	99	85	151	185	401	945	23359923	20580814	18418322	16915983	15272709	13141384	11089715	9431818	7802787	5951330	
lane2	UNKNOWN	DB154	326665933	326452469	3544930	0.656774	315376909	11131935	144972	5985	2432	752	366	224	160	120	118	90	97	138	219	458	958	23337297	20577678	18432158	16925432	15283803	13151804	11100264	9436162	7794763	5948575	
lane1	UNKNOWN	DB155	323260103	323104835	5141013	0.613788	312227878	10878673	143315	5626	1158	724	418	189	149	96	86	79	84	116	180	419	913	23230994	20152177	17856588	16351045	14704762	12528739	10509751	8896227	7332115	5548646	
lane2	UNKNOWN	DB155	330461833	330292368	5232103	0.657003	319180191	11125745	145556	5582	1082	744	393	206	155	89	80	74	86	116	205	506	1023	23756432	20639294	18313212	16779057	15090775	12872525	10793035	9150116	7534263	5702944	
lane7	UNKNOWN	DB156	229310272	229016876	2149333	0.539715	221419713	7781609	101982	3929	741	503	281	151	109	98	71	76	75	93	117	248	476	16510749	14602834	13097589	12062389	10909016	9381064	7937414	6756148	5594651	4271949	
lane8	UNKNOWN	DB156	279234310	278903923	2548479	0.483845	269621166	9480599	124156	4877	872	657	311	200	123	99	75	68	83	88	142	309	485	20058385	17793169	16008312	14800447	13417334	11577600	9817920	8389094	6967817	5337041	
lane15	UNKNOWN	DB157	185435748	185311206	2425635	0.886019	179121703	6225411	81207	3298	1470	434	205	126	90	84	63	47	43	60	133	411	963	13348836	11662238	10485715	9746305	8867977	7622401	6437296	5489837	4547950	3459460	
lane16	UNKNOWN	DB157	280220695	280003283	3901453	0.91363	270684036	9403140	122134	4902	2193	723	378	215	141	112	97	82	72	104	203	690	1473	20153872	17683246	15956871	14867605	13570206	11676602	9868410	8435152	6994641	5318503	
lane507	UNKNOWN	DB234	220429779	219992880	2230335	0.823134	212809694	7511082	97670	5384	2923	504	275	164	111	79	79	77	70	127	207	479	854	15974088	14077371	12660200	11690375	10616363	9128530	7694138	6548016	5413185	4125523	
lane508	UNKNOWN	DB234	272446912	271980416	2663374	0.805128	263028203	9283700	121056	6606	3627	621	349	233	136	118	91	72	123	140	242	540	1055	19709374	17433773	15727353	14582844	13269890	11435409	9671404	8252485	6848847	5227326	
lane15	UNKNOWN	DB158	204501453	204315176	3925479	1.31336	197569199	6833158	90377	3687	823	565	258	159	114	104	76	90	88	138	255	707	1655	14758812	13013778	11733843	10954220	10011783	8635958	7314968	6276468	5238297	4023656	
lane16	UNKNOWN	DB158	313031910	312754600	6425597	1.36264	302412010	10468121	137901	5920	1230	834	485	264	208	183	152	143	135	198	380	1112	2634	22573841	19944626	18025247	16849363	15414527	13297171	11267322	9668934	8070857	6192261	
lane5	UNKNOWN	DB159	412683425	412421596	5894000	0.529293	398571878	13916128	182521	7355	1377	954	465	259	201	145	114	97	107	136	216	462	1010	29601740	26242551	23697392	22047792	20134182	17404955	14777768	12664800	10544145	8067314	
lane6	UNKNOWN	DB159	225743268	225592799	2388756	0.458816	218012116	7626168	98633	3717	683	451	231	123	90	72	69	51	61	61	113	197	432	16220750	14294056	12809659	11829199	10747304	9257992	7807868	6642609	5490503	4185931	
lane3	UNKNOWN	DB160	289340922	289194772	4237446	0.677376	279460821	9740214	129166	6292	1012	714	349	200	122	84	64	72	54	95	160	442	1061	20948142	18316079	16304391	14983464	13547371	11588775	9750681	8298932	6857271	5200531	
lane4	UNKNOWN	DB160	365510842	365331763	6378103	0.662995	353033488	12301052	163076	7746	1339	829	403	236	146	107	84	77	76	78	170	537	1398	26421557	23073014	20549954	18899717	17100724	14635506	12318233	10484236	8668140	6588100	
lane5	UNKNOWN	DB161	394097339	393893365	5762507	1.31583	380540295	13359269	179033	9079	1648	1124	616	380	260	190	170	153	193	289	448	1345	2847	28642023	25116948	22382259	20542807	18568801	15924629	13428538	11446288	9484047	7236833	
lane6	UNKNOWN	DB161	257601171	257457139	3021069	1.00879	248744422	8730774	115726	5300	942	656	289	212	138	97	88	73	82	135	245	638	1354	18718704	16316406	14440793	13159344	11834536	10120012	8494358	7200632	5933301	4520751	
lane13	UNKNOWN	DB162	244835352	244681375	3109353	1.31096	236472361	8244279	107830	4190	1841	634	345	220	146	102	90	105	90	143	270	824	1882	17543182	15326497	13714240	12676289	11489236	9874037	8342349	7122862	5909030	4506747	
lane14	UNKNOWN	DB162	322832914	322641675	4534767	1.40006	311814958	10862030	140894	5874	2479	793	452	284	159	154	118	111	123	188	364	1155	2778	23129392	20196075	18055852	16668031	15097039	12976397	10960162	9348467	7762806	5927270	
lane3	UNKNOWN	DB163	245084937	244765257	2167908	1.20723	236774838	8194361	105361	4101	1748	527	329	223	160	128	111	132	166	222	361	750	1419	17549074	15470323	13922004	12911385	11779295	10221383	8704787	7480077	6265402	4851777	
lane4	UNKNOWN	DB163	284255441	283798947	2785949	1.36432	274592892	9527740	122174	4802	1968	664	432	239	213	139	156	177	191	268	461	973	1952	20367448	17913457	16083714	14875620	13545209	11738087	9986952	8561211	7162646	5539935	
lane15	UNKNOWN	DB164	229435661	229276015	4551331	2.06882	221668617	7653165	99939	4589	2424	652	398	236	180	161	125	145	166	208	409	1201	3046	16463742	14464723	13007050	12091253	11043846	9503451	8029125	6868127	5703249	4356346	
lane16	UNKNOWN	DB164	337208382	336980078	7159152	2.11417	325791800	11249202	146155	7118	3624	992	576	329	267	232	170	211	231	330	607	1915	4623	24163246	21277740	19192819	17906040	16380463	14119784	11947430	10223705	8508284	6491098	
lane1	UNKNOWN	DB165	292118570	291768460	3160982	1.43105	282073744	9903746	127375	5336	2147	755	424	257	191	169	159	146	253	291	493	1092	1992	20884580	18417802	16464158	15100373	13665725	11823567	10048516	8597032	7171832	5542308	
lane2	UNKNOWN	DB165	291985920	291613005	3099183	1.07276	281978262	9869767	126127	4962	2041	616	336	229	164	155	155	167	183	258	384	820	1294	20949759	18492804	16550583	15196907	13771334	11910731	10121564	8657908	7210178	5564705	
lane5	UNKNOWN	DB166	408861650	408625818	7611021	0.741786	394747929	13915110	181642	8132	4034	868	508	265	181	123	119	88	88	139	247	677	1500	28925131	25176536	22289843	20249087	18065103	15351124	12845466	10845425	8892261	6711143	
lane6	UNKNOWN	DB166	244147414	243993935	3555578	0.576515	235731475	8299645	107467	4399	2176	470	243	130	91	62	54	61	43	51	103	288	656	17277640	14927309	13101308	11803088	10467151	8841428	7348548	6165013	5015620	3766287	
lane3	UNKNOWN	DB167	269879897	269705485	3387382	1.20751	260559780	9188470	119862	4854	2024	700	345	200	157	106	93	86	123	140	289	835	1833	19295904	16920334	15086926	13813495	12449684	10683848	9006553	7652555	6335456	4845553	
lane4	UNKNOWN	DB167	316898931	316700024	4425005	1.17611	305953058	10791204	141541	5488	2185	741	364	237	168	129	122	108	132	188	306	942	2018	22613709	19760263	17560445	16034222	14413263	12339267	10373938	8795088	7260562	5542538	
lane7	UNKNOWN	DB168	235859972	235594295	3512311	0.672537	227743614	8003123	105279	4631	744	514	259	153	112	62	54	39	45	66	132	350	795	16902171	14658221	12948926	11764723	10504681	8940170	7482418	6305802	5161775	3888345	
lane8	UNKNOWN	DB168	287181542	286867658	4071642	0.591581	277280104	9763788	128410	5382	970	633	306	180	100	77	71	45	51	84	135	346	860	20498395	17835992	15801398	14383589	12866234	10963545	9195000	7782353	6386485	4824334	
lane3	UNKNOWN	DB169	265896380	265717444	2976370	0.475501	256757497	9012712	118242	4753	827	607	278	160	114	85	57	63	73	98	133	268	413	19176448	16666391	14731260	13389417	12007997	10261555	8620167	7302973	6008366	4553036	
lane4	UNKNOWN	DB169	317048345	316831279	3840912	0.494835	306130145	10767574	141003	5798	958	728	339	221	142	104	68	68	66	106	157	344	524	22870759	19834122	17492197	15869008	14185038	12125767	10168766	8594804	7057404	5353695	
lane1	UNKNOWN	DB170	296732924	296452915	3053528	1.7493	286802293	9788416	128096	5132	1096	834	450	276	247	208	190	204	260	337	547	1438	2900	21494793	18949912	17047391	15913356	14623258	12695532	10815518	9321661	7835290	6080253	
lane2	UNKNOWN	DB170	307825071	307517578	3153266	1.44165	297523624	10155768	132566	5043	1049	833	473	285	243	184	174	217	250	319	540	1265	2238	22338267	19749905	17828315	16673280	15332117	13341192	11380192	9811000	8248526	6386979	
lane505	UNKNOWN	DB171	221049092	220903646	1821704	1.28421	213410033	7531773	98408	3973	740	517	287	163	148	88	72	99	96	165	283	739	1508	15942983	13988079	12452997	11362830	10198276	8731938	7338346	6216485	5120163	3895635	
lane506	UNKNOWN	DB171	133932717	133830343	842073	0.967722	129300935	4567786	59518	2118	414	292	155	84	58	48	40	33	54	93	145	328	616	9671042	8435711	7461274	6768452	6045351	5158653	4320105	3637276	2978793	2260072	
lane507	UNKNOWN	DB171	133887352	133621743	1053194	0.869958	129261043	4560029	59211	3329	1824	309	165	108	71	50	55	50	48	70	138	320	532	9703484	8551384	7687676	7096125	6446403	5542762	4673424	3978038	3288954	2508373	
lane508	UNKNOWN	DB171	166688364	166399728	1261252	0.818603	160926083	5679801	73975	4011	2199	390	194	151	79	71	46	34	73	94	145	337	681	12062851	10664760	9623686	8921005	8118290	6999874	5918681	5049581	4191008	3200497	
lane1	UNKNOWN	DB172	293617703	293394247	3632456	2.5498	283676086	9798431	127564	4852	1063	796	417	233	184	146	177	145	209	292	562	1822	4724	20819489	18075668	15961235	14524780	13002484	11092566	9304820	7890919	6498468	4909182	
lane2	UNKNOWN	DB172	293341347	293105407	3696120	2.62122	283392673	9805121	127611	4886	1135	794	409	278	208	168	191	161	218	250	587	1821	4836	20772652	18027256	15933932	14494881	12980557	11076145	9294602	7872460	6482697	4892059	
lane1	UNKNOWN	DB173	355309235	355045449	3857817	0.941702	343160634	11978322	157695	5984	1259	877	436	281	194	139	121	157	122	168	322	823	1701	25863687	22577490	20054784	18388642	16630277	14308141	12097720	10309865	8559349	6547224	
lane2	UNKNOWN	DB173	298722578	298319458	2633996	1.36535	288500457	10076033	133388	5205	1156	792	442	289	218	163	207	203	253	372	530	994	1876	22004039	19412785	17336749	15933776	14483012	12561138	10697554	9149229	7640574	5920119	
lane3	UNKNOWN	DB174	231324549	231066568	1639066	1.81028	223576147	7636647	100144	4030	883	673	419	233	231	150	186	182	209	275	529	1227	2384	16807177	15011385	13681913	12898697	11961991	10437100	8935755	7732024	6525764	5068538	
lane4	UNKNOWN	DB174	287908609	287533952	2340878	1.92696	278251943	9516562	125179	5078	1130	846	477	314	208	228	203	238	290	365	609	1642	3297	20945221	18672335	16985342	15996955	14822440	12931737	11059432	9567790	8068484	6281715	
lane1	UNKNOWN	DB175	256022819	255756778	2354676	1.84992	247324515	8575256	111338	4371	888	699	397	233	177	103	104	111	137	162	367	1202	2759	18318756	15853977	13948491	12663709	11317900	9619741	8040014	6795045	5571765	4197873	
lane2	UNKNOWN	DB175	262524558	262163583	2411657	1.96242	253605394	8792318	114532	4350	965	728	393	215	167	130	128	99	143	173	417	1251	3155	18749479	16261889	14355918	13066194	11703969	9961102	8334809	7054025	5791513	4372604	
lane3	UNKNOWN	DB176	298000240	297763656	3440507	2.13313	287911341	9943880	129746	5482	1218	789	424	255	220	141	124	136	159	211	471	1517	4126	21214455	18493763	16372266	14944262	13446523	11509934	9698917	8258827	6829406	5175753	
lane4	UNKNOWN	DB176	351161850	350818780	4672732	2.06262	339244124	11746674	153445	6478	1338	980	482	311	220	181	154	177	208	250	520	1747	4561	25000058	21772677	19222337	17519053	15736600	13470933	11340357	9642773	7966181	6036901	
lane1	UNKNOWN	DB177	324202154	324016134	4021149	0.534488	312999725	11045972	145930	6094	1302	729	430	239	145	110	78	67	72	78	144	345	694	23286373	20213826	17782693	16114292	14395219	12291235	10318549	8727350	7193919	5465104	
lane2	UNKNOWN	DB177	328855487	328646532	4162317	0.497317	317499338	11199411	146440	6032	1279	709	400	205	162	110	69	61	43	96	143	333	656	23651060	20581353	18143214	16467728	14729771	12584162	10570518	8939547	7358651	5597098	
lane5	UNKNOWN	DB178	377050067	376789266	4536010	2.20624	364377426	12491313	162011	6469	1399	999	530	324	259	230	195	203	237	341	648	2118	5365	27054937	23661540	21047207	19349458	17495359	15026937	12702837	10859636	9006522	6850044	
lane6	UNKNOWN	DB178	218012641	217862139	2065086	1.85552	210669559	7239576	93594	3607	724	547	323	156	160	102	112	88	126	146	282	982	2557	15646355	13609014	12029722	10998336	9894055	8470031	7125664	6048969	4982281	3776881	
lane5	UNKNOWN	DB179	414918008	414694880	7176954	1.30724	401033987	13689073	178473	6904	1476	1030	543	334	226	173	147	155	158	233	464	1349	3283	29541601	25739610	23005210	21331121	19419658	16667148	14042750	11983482	9946249	7554067	
lane6	UNKNOWN	DB179	239685182	239555607	2976812	1.00269	231644186	7929918	102699	3850	826	569	298	163	117	86	94	83	58	111	201	617	1306	17112378	14830502	13189158	12163698	11023656	9434235	7915144	6718382	5542878	4200195	
lane7	UNKNOWN	DB180	220614196	220289995	2042164	2.07955	213098686	7406569	97192	4829	719	560	310	202	126	101	106	76	115	148	318	1106	3033	15814381	13767080	12196697	11126484	9993844	8548395	7189762	6115414	5049080	3826086	
lane8	UNKNOWN	DB180	269915440	269545168	2309589	1.92751	260719968	9063037	118427	5855	914	739	379	201	143	124	115	103	150	199	343	1240	3503	19318039	16871643	14996356	13731565	12371858	10597469	8939877	7629735	6314607	4796521	
lane1	UNKNOWN	DB181	313312640	313174305	5842316	0.8519	302558573	10603869	139438	5741	1026	680	347	220	143	100	79	78	83	121	169	561	1412	22296268	19232585	16910043	15295919	13628565	11554270	9640145	8136613	6654982	5003762	
lane2	UNKNOWN	DB181	310315101	310176171	5722535	0.928932	299650800	10515437	138018	5595	994	710	343	230	130	109	96	84	76	136	198	596	1549	22073532	19049698	16763501	15158941	13506417	11441307	9546079	8042527	6579514	4935422	
lane1	UNKNOWN	DB182	310215013	309999484	3334025	1.77871	299637419	10427465	134898	5506	2212	762	441	301	204	174	201	160	224	324	578	1380	2764	22246647	19261095	16969738	15416757	13838269	11821182	9925525	8422566	6962431	5290645	
lane2	UNKNOWN	DB182	306402542	306173318	3261096	1.62264	295943450	10311326	133577	5100	2224	744	442	297	216	150	148	148	183	273	486	1257	2521	21963022	19014498	16763115	15237217	13652094	11662473	9783134	8295305	6842417	5195254	
lane1	UNKNOWN	DB183	313086495	312782501	3430954	0.709692	302426297	10514007	135653	5021	1802	683	339	197	180	129	132	134	123	174	266	513	845	22631067	19839096	17677344	16222318	14703510	12743083	10835440	9273703	7729595	5968901	
lane2	UNKNOWN	DB183	322568547	322231663	3584397	0.690566	311575081	10842364	140502	4938	1823	724	419	239	149	152	132	114	139	181	274	531	785	23321539	20438547	18214934	16710014	15131163	13107043	11140787	9529333	7938348	6118827	
lane13	UNKNOWN	DB184	247562919	247394747	4559404	1.28671	239256707	8188250	107024	4957	1032	714	397	236	197	121	105	93	118	154	285	809	1720	17748838	15472899	13800369	12770254	11608768	9965940	8412473	7200005	5985094	4567977	
lane14	UNKNOWN	DB184	341251093	341032999	7012880	1.42018	329801299	11286806	147015	6990	1500	1084	566	343	288	167	197	138	155	244	427	1256	2618	24478467	21331937	19008726	17578934	15983252	13724617	11595352	9927637	8266448	6314379	
lane7	UNKNOWN	DB185	220289774	219563892	1970095	0.983162	212739517	7443966	97716	4084	888	569	309	203	147	90	98	110	104	161	259	579	974	16032408	14179032	12733767	11769943	10733766	9313899	7931723	6808046	5696059	4410344	
lane8	UNKNOWN	DB185	276321617	275509163	2342811	0.893095	266857108	9331470	122558	5242	1030	652	397	212	156	124	112	111	136	160	333	666	1150	19992803	17767416	16052314	14924561	13672647	11919775	10197522	8796238	7400176	5754018	
lane3	UNKNOWN	DB186	288320393	288111794	3141359	2.16258	278600677	9577883	125283	5223	2409	787	496	277	219	207	215	212	266	370	608	1730	3531	20909895	18345071	16372255	15113290	13735840	11800523	9962023	8504690	7086026	5423814	
lane4	UNKNOWN	DB186	353426707	353187286	4419915	2.32272	341522483	11728763	154658	6365	2851	987	642	394	299	267	283	277	320	476	848	2148	4646	25603843	22404163	19957681	18380275	16684589	14325035	12076483	10300906	8561164	6545073	
lane3	UNKNOWN	DB187	298623691	298489993	6104808	1.02394	288406770	10073675	131024	5199	2470	755	409	200	140	103	107	98	94	127	252	692	1576	21313789	18359158	16112958	14590784	12968547	10971173	9128528	7674232	6269162	4686149	
lane4	UNKNOWN	DB187	356237065	356084101	8519631	1.00194	344050391	12015477	156725	6283	2913	847	490	247	186	140	104	99	121	161	282	800	1799	25381451	21846855	19165589	17329524	15408613	13027118	10824262	9097597	7414126	5544207	
lane5	UNKNOWN	DB188	401174052	400930723	5062439	1.47319	387351341	13624761	180319	7497	1606	1024	646	374	273	191	157	152	190	289	540	1480	3212	28934858	25219463	22275074	20273309	18168983	15502482	13012881	11022452	9078866	6868918	
lane6	UNKNOWN	DB188	250792602	250628949	2483134	1.12138	242156267	8515041	112007	4398	830	550	327	179	142	91	94	96	96	145	260	719	1360	18105523	15673041	13763720	12439683	11092960	9431321	7877814	6634512	5427432	4092904	
lane7	UNKNOWN	DB189	194415428	194053078	1167127	1.33951	187732337	6587090	87651	3530	739	459	318	142	127	95	99	111	155	219	335	681	1340	14332924	12713246	11390593	10492954	9553721	8287146	7030425	6007898	5005647	3873847	
lane8	UNKNOWN	DB189	237849209	237431319	1429118	1.30315	229664506	8067711	107011	4241	832	619	321	216	141	127	134	134	159	297	389	804	1567	17495435	15563276	13980633	12919267	11786839	10237406	8717368	7470895	6244787	4846502	
lane7	UNKNOWN	DB190	229616406	229104984	2511080	1.56527	221697851	7804304	103848	4435	816	622	329	206	137	119	90	93	113	161	268	959	2055	16445986	14333395	12730115	11646151	10461695	8950967	7516564	6366246	5245644	3983613	
lane8	UNKNOWN	DB190	273793244	273240876	2729036	1.45039	264341431	9316535	123057	5361	999	740	400	232	144	122	104	117	125	190	370	1098	2219	19583001	17155214	15303989	14047109	12668708	10874870	9164330	7803518	6464411	4922316	
lane7	UNKNOWN	DB191	212820331	212560836	2838640	0.742664	205550662	7167092	94555	4762	708	473	253	115	88	70	72	57	60	96	115	360	793	15222232	13192117	11699443	10704213	9604362	8179686	6850395	5793154	4755210	3584460	
lane8	UNKNOWN	DB191	260809040	260522898	3362587	0.657942	251888772	8794855	115973	5725	848	565	302	145	108	61	60	59	61	78	151	389	888	18605150	16184819	14391946	13195359	11860775	10126135	8492957	7195678	5927370	4484282	
lane1	UNKNOWN	DB192	309889977	309682468	2907712	0.978973	299033039	10701583	143064	6110	1253	874	486	246	190	125	128	111	122	195	310	758	1383	22260350	19554276	17387296	15830681	14202744	12159119	10217329	8636462	7102876	5427309	
lane2	UNKNOWN	DB192	314025850	313807487	2984415	1.09326	303028335	10839877	144917	6031	1264	872	465	297	213	162	151	140	179	244	406	828	1469	22580550	19893852	17741591	16194907	14561586	12491498	10503842	8887749	7317944	5589553	
lane5	UNKNOWN	DB193	410095651	409841653	5288740	1.48275	396045421	13852238	181117	6509	1613	1054	573	343	264	204	169	195	203	311	530	1643	3264	29332477	25643561	22751410	20766940	18699904	16061616	13558320	11546157	9564536	7314604	
lane6	UNKNOWN	DB193	233448580	233289873	2258869	1.19683	225437378	7900928	101993	3431	835	527	282	186	148	87	107	87	101	152	280	757	1301	16733166	14544553	12831587	11649754	10436326	8939187	7511732	6348326	5234156	3982588	
lane3	UNKNOWN	DB194	228265937	228107094	1657512	0.799236	220299486	7852608	105013	4981	775	610	305	196	126	99	87	104	105	150	192	402	698	16543856	14502338	12864599	11701039	10517085	9021793	7581156	6422830	5307715	4049783	
lane4	UNKNOWN	DB194	294929560	294709355	2510791	0.694605	284638490	10145625	134824	6144	1055	684	333	199	142	133	89	100	94	146	254	478	770	21333423	18648722	16516414	15022746	13480545	11563203	9719086	8222557	6793404	5193223	
lane1	UNKNOWN	DB195	323202501	323007620	3517116	0.610426	312175209	10872562	144213	5690	1166	808	413	286	165	152	106	88	93	121	229	414	786	23320593	20458733	18282376	16916250	15462965	13449068	11468215	9852270	8259050	6386542	
lane2	UNKNOWN	DB195	328608857	328398955	3558758	0.591611	317385817	11066063	146559	5642	1142	774	449	256	163	120	116	86	113	122	197	452	786	23724622	20831252	18626406	17245088	15766857	13710148	11678521	10047633	8406983	6499912	
lane5	UNKNOWN	DB196	411180406	410891255	5502738	0.763899	396992532	13990665	182814	7425	1556	1016	539	341	265	197	161	159	179	226	400	775	1156	29629932	26231716	23530668	21627430	19603641	16935733	14355979	12249124	10189868	7826946	
lane6	UNKNOWN	DB196	242706314	242511782	2646736	0.586508	234322685	8269305	106919	3975	855	580	285	175	115	93	105	79	86	114	195	304	444	17525345	15435849	13760637	12573230	11330056	9758364	8235479	6983508	5772333	4419818	
lane1	UNKNOWN	DB197	278070960	277724525	2560957	0.686382	268407499	9528450	125869	4781	1012	695	347	205	164	114	112	96	115	137	238	385	741	20305140	17891629	15895965	14495252	13059696	11251366	9476083	8027763	6633086	5091872	
lane2	UNKNOWN	DB197	281628506	281221802	2620859	0.702958	271838515	9653879	126792	4841	1040	667	366	227	144	132	117	99	119	143	211	450	764	20563921	18130392	16145932	14746016	13290233	11466202	9676100	8189493	6774644	5199212	
lane5	UNKNOWN	DB198	436807436	436418249	9862816	2.39031	421965392	14621484	194246	9461	1798	1352	706	507	349	259	284	243	266	401	839	2685	7164	31472359	27716164	24922755	23166177	21135863	18193008	15378327	13178870	10979393	8404169	
lane6	UNKNOWN	DB198	216327180	216140058	3235952	1.91843	208955116	7264804	96115	4417	843	609	279	188	145	109	123	101	115	166	318	1084	2648	15647168	13666575	12174586	11209187	10148490	8691678	7305667	6200729	5127231	3901056	
lane3	UNKNOWN	DB199	287416022	287093855	3026595	1.37501	277632422	9644612	126233	6102	1024	708	388	261	199	137	153	127	132	185	371	936	2032	20653308	17860755	15775907	14370856	12884459	10960864	9163422	7741630	6356071	4784538	
lane4	UNKNOWN	DB199	365051007	364524284	4486391	1.29708	352610964	12262910	161031	7811	1363	1008	508	375	232	171	157	160	166	239	381	1047	2484	26177591	22632683	19981012	18204752	16301007	13878497	11615670	9817001	8059617	6077987	
lane7	UNKNOWN	DB200	222002145	221641815	3997011	1.91344	214439768	7452618	97888	4899	855	607	393	222	145	119	106	90	118	171	332	1109	2705	16104070	14094479	12559766	11549457	10437433	8905503	7469564	6331414	5220513	3951850	
lane8	UNKNOWN	DB200	276331188	275911869	4950473	1.75662	266905070	9289327	122679	5925	1112	764	412	265	191	130	131	122	146	201	356	1245	3112	19978600	17552373	15677367	14458837	13091359	11198335	9406955	8003375	6615457	5018863	
lane1	UNKNOWN	DB201	313970130	313768614	5320795	1.11381	303322026	10498581	137347	5845	1133	784	436	241	157	119	99	85	107	139	255	795	1981	22559430	19489106	17145378	15582859	13949267	11883804	9969195	8440359	6953955	5241527	
lane2	UNKNOWN	DB201	314309736	314096683	5166420	1.17024	303629458	10530918	137050	5890	1054	813	372	249	138	105	106	110	114	158	268	884	2049	22565242	19504128	17170951	15597806	13954878	11887144	9971437	8442098	6943831	5241151	
lane15	UNKNOWN	DB202	211365522	211214817	3667965	0.869688	204234001	7032817	91417	3392	800	570	383	208	143	131	77	81	91	104	173	380	754	15076735	13065863	11600352	10643216	9601734	8212940	6915804	5887639	4866494	3690487	
lane16	UNKNOWN	DB202	336185081	335933890	6253061	0.846935	324845287	11183419	145280	5215	1175	863	507	293	235	145	141	144	137	176	259	570	1235	23945820	20778295	18474818	16976455	15338447	13143374	11069368	9432459	7803338	5916999	
lane5	UNKNOWN	DB203	405221759	404871786	4181220	0.705128	391224265	13804398	180547	6519	1317	882	528	314	214	154	128	121	127	187	308	595	1155	29210100	25442249	22459140	20368797	18245301	15636210	13158078	11149770	9205974	7028015	
lane6	UNKNOWN	DB203	239222437	238978640	2006030	0.523052	230957038	8152737	106176	3636	672	516	246	136	98	65	65	56	67	75	113	249	492	17299820	14978209	13156757	11848323	10557856	9023383	7558174	6369840	5228266	3982022	
lane7	UNKNOWN	DB204	173556232	173230416	1382067	0.808122	167557800	5914586	76734	3225	1526	456	219	118	85	75	65	87	67	111	162	327	589	12473568	10989202	9805387	8984368	8105955	6984516	5909370	5034254	4179483	3217474	
lane8	UNKNOWN	DB204	209638722	209297476	1614139	0.69696	202391040	7146607	92785	3987	1783	508	231	126	94	98	76	74	85	94	155	358	621	15046165	13297463	11908525	10948334	9913837	8569403	7270728	6222016	5183036	3999945	
lane3	UNKNOWN	DB205	281022973	280824124	3328558	1.29945	271384064	9501573	123650	5582	2634	756	387	216	169	119	108	113	116	195	359	988	1944	20141864	17594612	15652122	14350006	12951689	11133417	9407861	8025797	6665971	5101982	
lane4	UNKNOWN	DB205	331577276	331352128	4512444	1.30703	320191694	11222286	147234	6549	3130	867	445	246	207	139	132	145	141	229	427	1156	2249	23728897	20680782	18332838	16757550	15101882	12960789	10925607	9304310	7704839	5892904	
lane1	UNKNOWN	DB206	325606049	325431654	5418530	1.02978	314604774	10845690	142775	6298	1235	805	457	257	161	137	91	104	126	145	240	846	1908	23320907	20364825	18173945	16770426	15202386	12998553	10930343	9309011	7704551	5849940	
lane2	UNKNOWN	DB206	327864198	327668152	5407308	1.10484	316766772	10941203	143309	6134	1166	841	427	229	179	121	124	120	114	149	266	918	2126	23449397	20532444	18343157	16919781	15331970	13120061	11038242	9407162	7786635	5913831	
lane3	UNKNOWN	DB207	277185717	276993652	4347244	1.14706	267751516	9300774	122075	5821	962	655	380	206	152	93	104	82	99	158	254	740	1646	19797023	17095089	14997765	13558127	12064682	10219770	8525346	7185409	5875288	4400955	
lane4	UNKNOWN	DB207	320375727	320166204	5720658	1.08086	309460390	10761353	141112	6612	1120	864	448	241	167	124	107	86	108	155	294	821	1725	22849943	19713429	17281046	15592345	13871639	11745238	9789594	8240648	6727710	5046051	
lane3	UNKNOWN	DB208	291923349	291768236	5239777	1.08614	282178098	9608840	125761	4795	1052	700	352	181	170	89	83	91	100	106	237	754	1940	21196746	18352269	16236226	14883750	13472181	11507376	9659204	8210118	6787187	5127523	
lane4	UNKNOWN	DB208	364060685	363869847	7618666	1.05092	351902934	11987297	157193	6089	1258	903	478	259	183	142	113	92	122	175	269	928	2250	26371129	22843803	20219646	18570314	16818054	14380735	12095135	10283192	8494551	6428282	
lane5	UNKNOWN	DB209	409138214	408860568	7451995	0.529438	395196631	13747236	181056	7900	1285	912	502	248	182	135	88	104	96	145	230	524	940	29593634	26038988	23364117	21608145	19695918	17081556	14559423	12513382	10462975	8065606	
lane6	UNKNOWN	DB209	224674021	224496672	3421279	0.401516	217010033	7558830	98840	3992	644	377	217	109	93	52	39	43	47	61	92	198	354	16312251	14237798	12672644	11619037	10518778	9080867	7690500	6558718	5443695	4180291	
lane5	UNKNOWN	DB210	393244113	392889769	4950385	1.10642	380054568	12999729	172203	8616	1650	1043	571	354	261	220	196	202	236	287	530	1200	2247	28199940	25154912	22903933	21592745	20014793	17463878	14965835	12978814	10986152	8568494	
lane6	UNKNOWN	DB210	207197487	206997160	1925099	0.836581	200214828	6884268	90558	4081	751	516	264	160	129	91	83	87	95	133	208	440	795	14936380	13232328	11943254	11160464	10265677	8937031	7621352	6557438	5521175	4284983	
lane7	UNKNOWN	DB211	201373992	201187388	2638634	1.09359	194446597	6829424	89810	4308	715	491	225	116	109	88	37	36	38	72	169	500	1257	14400760	12409288	10885796	9808472	8690650	7328539	6076772	5083008	4124214	3071354	
lane8	UNKNOWN	DB211	249112753	248901025	3187637	1.03362	240530414	8461772	110953	5157	838	505	262	158	116	89	58	59	74	103	184	571	1440	17760325	15344046	13489315	12193369	10823784	9133956	7601503	6371942	5190981	3871092	
lane13	UNKNOWN	DB212	226455657	226292218	3133281	1.06238	218788484	7558860	98300	4234	1991	516	302	176	142	95	86	86	99	122	219	606	1339	16196585	14199844	12781299	11907138	10868696	9352045	7913006	6777951	5645274	4300682	
lane14	UNKNOWN	DB212	303906573	303708763	4572166	1.06821	293627890	10132505	132448	5789	2775	733	435	244	184	142	94	114	115	168	276	849	1812	21736678	19043636	17127626	15938260	14543141	12527994	10600813	9079465	7560185	5777173	
lane7	UNKNOWN	DB213	252863277	252405115	2235617	0.361241	244279717	8466333	110318	3881	1137	541	242	145	100	62	51	57	46	70	97	191	289	18103242	15839025	14179692	13088034	11895360	10289940	8723258	7442212	6175175	4738523	
lane8	UNKNOWN	DB213	299596240	299103117	2533776	0.356797	289430273	10027407	130661	4399	1292	611	289	159	119	97	74	49	64	65	123	212	346	21372429	18756279	16834788	15584894	14202356	12313704	10451699	8936125	7453905	5730387	
lane1	UNKNOWN	DB214	323424409	323193165	3262777	0.781115	312287070	10982375	143525	5343	2066	695	359	222	159	131	118	106	132	138	242	622	1106	23195390	20258673	17987710	16450022	14818363	12739160	10747396	9136008	7568712	5798006	
lane2	UNKNOWN	DB214	330119543	329876848	3419124	0.794761	318748100	11214415	145275	5376	2053	822	420	245	181	135	100	100	117	139	281	633	1151	23668739	20668404	18354859	16773951	15097612	12951456	10921024	9282611	7674632	5871290	
lane3	UNKNOWN	DB215	220016805	219706555	1551260	1.28203	212446861	7461663	98016	3998	1683	580	361	200	168	128	138	120	151	219	346	764	1409	15836418	14172280	12883490	12003853	10993190	9560235	8138376	6979005	5839950	4535299	
lane4	UNKNOWN	DB215	263599815	263187797	2083302	1.18207	254520838	8949666	117682	4613	1941	680	394	248	187	161	127	137	157	232	393	824	1535	18974090	16941107	15369411	14317859	13097766	11384193	9679904	8287994	6941555	5391633	
lane3	UNKNOWN	DB216	286006053	285802959	2372106	0.923434	276127117	9740077	128634	5051	1045	698	338	234	149	97	102	126	116	144	256	606	1263	20380292	17855476	15873212	14495093	13037788	11189027	9436194	8019288	6637647	5064067	
lane4	UNKNOWN	DB216	338071908	337827802	3083884	0.974057	326394027	11514105	151595	5868	1184	846	457	250	199	142	134	121	143	196	313	773	1555	24110040	21067040	18701930	17039888	15299118	13111632	11039888	9362683	7729302	5894614	
lane5	UNKNOWN	DB217	394758868	394615896	7307612	0.690222	381395914	13173791	175390	6717	1821	1271	629	375	261	174	171	123	131	190	267	510	1133	28348980	24710478	22152671	20588754	18795168	16153359	13581040	11577963	9610766	7297339	
lane6	UNKNOWN	DB217	256866202	256771826	3351919	0.440549	248189327	8557269	112294	3969	1037	650	303	143	117	81	57	51	51	72	95	214	472	18450027	15975478	14218616	13149426	11964218	10249717	8593646	7288380	6019126	4558532	
lane15	UNKNOWN	DB218	244803085	244564470	5194195	1.64897	236537585	8145272	107091	4750	2250	683	362	242	145	147	142	138	138	145	352	1110	2533	17710570	15534671	13969711	13066491	11985177	10350372	8786534	7552307	6314376	4848814	
lane16	UNKNOWN	DB218	364869411	364529179	7894485	1.63186	352542474	12148173	159067	7204	3298	1027	607	335	276	221	173	180	206	256	458	1642	3814	26401722	23198217	20923877	19582801	17975607	15537843	13193505	11342359	9483194	7275936	
lane5	UNKNOWN	DB219	375086465	374768734	4693351	0.872812	362421427	12489070	162360	6140	2448	877	462	279	202	138	113	117	138	167	307	707	1513	27100031	23262070	20365794	18486369	16505053	13999686	11689281	9873168	8082480	6053183	
lane6	UNKNOWN	DB219	214209645	213989779	2103644	0.756498	206974662	7135300	92419	3414	1283	534	256	163	126	91	58	59	65	76	128	336	675	15475264	13212107	11493571	10363606	9205359	7784978	6465186	5426044	4415536	3292365	
lane7	UNKNOWN	DB220	244680845	244308478	2557403	0.918826	236399384	8165735	106771	4441	877	601	304	188	131	116	102	88	116	142	208	548	1093	17706826	15512956	13829098	12726797	11545907	9960571	8423369	7176804	5957722	4571297	
lane8	UNKNOWN	DB220	300380249	299961793	3087361	0.864714	290207265	10031488	130820	5351	998	726	409	189	180	132	138	130	147	164	263	607	1242	21648736	19036999	17028226	15719249	14323008	12377064	10488370	8965102	7474821	5750193	
lane7	UNKNOWN	DB221	238658934	238254769	2081116	1.34049	230451672	8091664	106462	3798	829	557	299	175	145	104	97	93	86	178	316	786	1673	17240833	14969607	13167660	11897551	10625526	9085422	7627768	6446263	5298334	4032248	
lane8	UNKNOWN	DB221	294449036	294000303	2457656	1.17813	284305321	10002018	131060	4602	998	674	344	173	153	126	106	115	112	191	327	887	1829	21237105	18520968	16352309	14818485	13278585	11395765	9589324	8123478	6703768	5119391	
lane1	UNKNOWN	DB222	324673844	324467201	3759091	0.904087	313621219	10897253	142264	5857	2466	795	416	224	175	135	108	130	160	202	311	714	1415	23407523	20499990	18299309	16879451	15353095	13240332	11191343	9561818	7967695	6113753	
lane2	UNKNOWN	DB222	329133337	328916203	3866400	0.89619	317919928	11056115	144224	5909	2376	755	429	220	182	130	127	119	147	218	329	712	1417	23724204	20801810	18589987	17154149	15599736	13463592	11385559	9720121	8088062	6211818	
lane5	UNKNOWN	DB224	392757776	392477004	3931252	1.03358	379241436	13324052	176612	8184	1380	908	509	302	220	162	151	136	162	195	384	985	1998	28320452	24557789	21704475	19745270	17710292	15145479	12732560	10793466	8897403	6748754	
lane6	UNKNOWN	DB224	260381425	260186644	2323269	0.763709	251440466	8816932	115427	4815	756	514	286	176	125	94	70	77	73	109	180	411	914	18738548	16127047	14144622	12790514	11405115	9705668	8113777	6839690	5592961	4228209	
lane7	UNKNOWN	DB225	234696335	234216081	2613489	1.32682	226621029	7961215	104410	4342	805	517	310	193	138	106	108	100	94	156	316	843	1653	16888633	14751291	13132243	12030594	10856555	9351900	7908173	6744405	5583077	4285355	
lane8	UNKNOWN	DB225	305090148	304535730	3340113	1.26062	294594471	10346293	136836	5757	1013	702	413	245	198	136	119	121	136	188	387	1084	2049	21893745	19212908	17189607	15826990	14351341	12403483	10539673	9029419	7519429	5800927	
lane3	UNKNOWN	DB226	272244436	272052994	2868788	0.84967	263018014	9095497	120209	4816	1928	685	382	250	150	97	104	105	99	149	248	621	1082	19600725	17308926	15566174	14477298	13248261	11481390	9755699	8372071	7000220	5404873	
lane4	UNKNOWN	DB226	340018381	339771915	4134621	0.836207	328481207	11374594	149544	5918	2299	837	429	260	212	141	120	127	125	206	304	736	1322	24474959	21575365	19388304	17999434	16463218	14269671	12116106	10393880	8686383	6704848	
lane1	UNKNOWN	DB227	305823413	305595826	3902247	1.61231	295367814	10306565	133722	5852	2585	659	418	253	193	167	139	162	240	316	587	1328	2413	22127223	19326878	17072393	15537801	13990367	12020394	10133562	8631857	7162971	5508569	
lane2	UNKNOWN	DB227	307343237	307094707	3930614	1.38411	296861117	10334894	132885	5736	2508	686	405	231	170	171	139	159	159	259	503	1132	2083	22231213	19416695	17167495	15634553	14068599	12091629	10190926	8664385	7190236	5517622	
lane13	UNKNOWN	DB228	232424789	232234185	4094419	1.06776	224517193	7795454	102745	4652	783	564	314	144	136	110	83	82	83	125	206	632	1483	16814791	14742555	13239125	12304351	11222776	9668369	8185996	7016120	5848164	4483094	
lane14	UNKNOWN	DB228	307548600	307328979	6003665	1.12757	297091023	10308328	136373	6252	1139	740	451	241	197	135	113	98	117	170	291	878	2054	22229868	19490564	17486111	16228820	14793730	12751097	10804966	9261206	7731503	5932954	
lane1	UNKNOWN	DB229	285820948	285471524	2673507	0.774363	275952979	9731816	127162	4568	937	626	314	201	136	101	89	81	104	142	223	527	942	20625703	17977006	15837838	14322223	12804856	10976476	9238940	7831094	6473211	4965018	
lane2	UNKNOWN	DB229	286586069	286203421	2685859	0.781193	276672428	9777034	127660	4545	867	626	330	218	161	118	96	95	123	146	243	483	896	20703303	18071029	15924160	14392851	12860017	11018919	9277054	7850415	6482280	4975327	
